# nothing

[/home/bryan/Dropbox/Books/Programming/C/Advanced_Programming_in_the_UNIX_Environment_(Stevens).pdf]
stop=503;0.66549295774647887;0.48598959372008271;
start=503;0.33450704225352113;0.48592831905383826;
sect=503;0.66549295774647887;0.48593914161499496;
